100 MB 

TCP RTTs: [4.8e-05, 2.8e-05, 3.6e-05, 2.2e-05, 1.8e-05, 2.4e-05, 2.8e-05, 3.3e-05, 2.1e-05, 2.9e-05, 2e-05, 2.5e-05, 1.4e-05, 1.2e-05, 1e-05, 1.2e-05, 9e-06, 1.2e-05, 2.4e-05, 1.6e-05, 1.3e-05, 1.4e-05, 1.5e-05, 1.9e-05, 1.9e-05, 1.5e-05, 1.5e-05, 1.4e-05, 1.4e-05, 1.5e-05, 1.4e-05, 1.4e-05, 1.2e-05, 1.4e-05, 1.1e-05, 1.4e-05, 1.4e-05, 1.5e-05, 1.2e-05, 1.3e-05, 1.7e-05, 1.7e-05, 1.8e-05, 1.7e-05, 2.2e-05, 1.5e-05, 2e-05, 1.4e-05, 1.3e-05, 1.6e-05, 1.3e-05, 1.9e-05, 1.8e-05, 2.9e-05, 1.8e-05, 2.3e-05, 1.6e-05, 2.3e-05, 1.1e-05, 1.8e-05, 1.5e-05, 1.4e-05, 1.4e-05, 2.4e-05, 1.5e-05, 2e-05, 1.4e-05, 1.5e-05, 1.5e-05, 1.5e-05, 1.4e-05, 1.3e-05, 1.1e-05, 1.1e-05, 1.7e-05, 1.2e-05, 1.7e-05, 1.7e-05, 1.1e-05, 1.7e-05, 1.4e-05, 1.5e-05, 1.1e-05, 1.6e-05, 1.6e-05, 1.1e-05, 1.2e-05, 
1.5e-05, 1.2e-05, 1.6e-05, 1.1e-05, 1.3e-05, 1e-05, 1.1e-05, 1e-05, 1.2e-05, 1.1e-05, 1.1e-05, 1.1e-05, 1e-05, 1.1e-05, 1.8e-05, 2e-05, 2.1e-05, 1.4e-05, 1.5e-05, 1.3e-05, 1.5e-05, 1.3e-05, 1.7e-05, 0.00014, 4.8e-05, 5.8e-05, 7e-05, 3.8e-05, 6.1e-05, 5.9e-05, 8.3e-05, 8.2e-05, 8.1e-05, 8.1e-05, 7.7e-05, 7.5e-05, 6.7e-05, 7.6e-05, 7.3e-05, 0.000113, 7.1e-05, 6.9e-05, 6.5e-05, 6.2e-05, 5.1e-05, 6.2e-05, 5.8e-05, 5.2e-05, 6.8e-05, 4.6e-05, 6.6e-05, 9.4e-05, 6.2e-05, 6.5e-05, 8e-05, 4.9e-05, 5.8e-05, 7.4e-05, 9e-05, 3.2e-05, 0.000171, 0.000105, 0.000122, 0.000103, 8.5e-05, 8.3e-05, 0.000116, 7.3e-05, 7.2e-05, 7.5e-05, 7e-05, 7.1e-05, 7.1e-05, 6.4e-05, 7e-05, 6.9e-05, 
7e-05, 0.000232, 6.6e-05, 6.5e-05, 0.0001, 7e-05, 5.8e-05, 0.000107, 6.3e-05, 7.4e-05, 7e-05, 7.5e-05, 7.9e-05, 
6.4e-05, 0.000158, 7.2e-05, 7.6e-05, 7.2e-05, 6.8e-05, 7.9e-05, 6.6e-05, 5.6e-05, 0.000703, 9.1e-05, 8.1e-05, 9.5e-05, 5.6e-05, 8.5e-05, 6.7e-05, 8.2e-05, 6.8e-05, 8.3e-05, 9.1e-05, 8.1e-05, 8.1e-05, 6.8e-05, 8.1e-05, 7.7e-05, 6.8e-05, 7.5e-05, 7.2e-05, 5.8e-05, 6.5e-05, 6.9e-05, 7.9e-05, 7.2e-05, 6.7e-05, 6.6e-05, 6.2e-05, 6.6e-05, 6.9e-05, 8e-05, 9.5e-05, 5.3e-05, 7.6e-05, 5.7e-05, 6.3e-05, 6.3e-05, 6.1e-05, 6e-05, 0.001102, 0.000217, 6.7e-05, 0.001047, 0.000215, 6.7e-05, 0.000214, 6.8e-05, 0.000348, 8.9e-05, 0.000282, 6.4e-05, 0.000311, 8.6e-05, 0.000391, 0.0001, 0.000285, 9.8e-05, 0.000222, 6.8e-05, 7.5e-05, 0.000208, 7.1e-05, 0.013764, 0.0001, 0.011515, 0.000104, 0.011732, 7.4e-05, 0.000309, 8.7e-05, 0.001091, 0.000195, 6.6e-05, 7.3e-05, 0.000221, 0.000108, 0.000277, 7.6e-05, 0.000235, 0.0001, 0.000279, 6.7e-05, 0.001016, 0.000203, 0.000107, 0.000255, 6.6e-05, 0.001181, 0.000205, 6.6e-05, 0.009285, 7.1e-05, 0.000219, 8.7e-05, 0.000282, 9.1e-05, 0.000283, 0.000114, 0.000289, 0.000102, 0.000387, 0.000102, 0.00028, 0.0001, 0.000197, 7.6e-05, 0.000213, 7.3e-05, 0.000224, 9e-05, 9.2e-05, 0.000302, 0.000639, 0.001571, 0.000322, 0.000294, 8.2e-05, 0.000304, 0.000136, 0.000115, 6.3e-05, 0.000247, 0.003426, 0.001584, 0.000418, 5.4e-05, 0.000269, 5.5e-05, 0.003494, 7e-05, 0.004077, 6.5e-05, 0.004184, 7.4e-05, 0.000249, 7.4e-05, 0.000254, 0.000228, 6.4e-05, 0.000183, 7.4e-05, 0.003714, 7.9e-05, 0.003609, 8.9e-05, 0.000177, 7.2e-05, 0.000173, 0.00097, 5.6e-05, 0.001019, 0.000178, 0.002485, 0.000329, 0.003664, 7.9e-05, 0.000329, 7.6e-05, 0.000214, 0.000246, 7.3e-05, 0.000334, 0.001309, 5.7e-05, 0.003668, 0.001015, 0.000204, 8.5e-05, 0.000245, 6.8e-05, 0.001395, 0.000234, 0.005632, 6.1e-05, 0.001756, 3.3e-05, 2.8e-05, 2e-05, 2.1e-05, 2.8e-05, 3.6e-05]
Average RTT: 0.0003554712328767123 ms

-------------------------------------------

